0 1 0.302091
2 1 0.605578
3 4 0.349702
4 5 0.502730
5 2 0.229871
0 6 0.894647
6 7 0.414195
7 8 0.701670
8 9 0.286580
9 10 0.321232
11 12 0.339864
12 13 0.053677
13 14 0.709033
14 15 0.248423
15 16 0.156093
16 17 0.490870
17 6 0.566478
6 18 0.058965
18 19 0.045024
19 20 0.297472
20 21 0.984342
21 0 0.862901
0 14 0.621562
14 22 0.292775
22 23 0.993825
23 24 0.550545
21 25 0.750730
25 26 0.770052
26 16 0.543454
16 27 0.026424
27 28 0.074421
28 29 0.756615
29 30 0.204491
30 31 0.590020
32 31 0.313536
32 33 0.443302
33 34 0.698229
34 35 0.179406
35 36 0.812662
36 37 0.435310
37 19 0.107483
30 38 0.035245
38 39 0.369256
39 24 0.165207
11 40 0.094504
40 41 0.786060
41 22 0.374498
22 42 0.304787
42 43 0.284576
43 28 0.658386
28 44 0.896519
44 45 0.860342
45 46 0.357167
46 47 0.615238
47 34 0.032240
34 48 0.197397
48 49 0.094955
48 50 0.943053
49 10 0.639798
50 10 0.758643
10 35 0.249264
35 51 0.499303
51 52 0.449085
52 19 0.497578
19 53 0.176952
53 54 0.786317
54 55 0.555347
56 55 0.733981
56 57 0.095664
57 3 0.811462
3 58 0.915653
58 11 0.925485
55 1 0.513774
1 14 0.778712
14 43 0.588644
43 29 0.887514
29 59 0.385420
59 33 0.812205
55 60 0.919533
60 0 0.141082
0 15 0.771514
15 27 0.027745
29 61 0.149970
61 31 0.223233
55 62 0.486587
62 56 0.985969
56 63 0.032088
56 63 0.953327
19 64 0.245305
65 64 0.759509
65 66 0.059823
66 67 0.486483
67 68 0.624801
68 69 0.494467
20 70 0.609623
70 71 0.948249
20 71 0.834391
72 73 0.363681
73 74 0.228518
74 75 0.497579
75 76 0.166527
76 77 0.281775
78 77 0.417777
78 79 0.499332
79 80 0.217169
71 80 0.370764
81 82 0.188497
82 83 0.988258
83 84 0.727788
85 84 0.028566
85 86 0.831426
85 87 0.455536
87 88 0.063962
88 89 0.391934
89 90 0.465659
90 91 0.089982
91 71 0.695103
92 93 0.568507
93 94 0.399379
95 94 0.454702
96 95 0.086847
97 96 0.809207
98 97 0.687351
99 98 0.235117
100 99 0.259206
39 100 0.605036
39 101 0.650423
11 102 0.887952
102 103 0.862567
103 104 0.452692
104 105 0.805702
105 106 0.046564
107 108 0.526479
107 109 0.682579
109 107 0.931683
107 110 0.062358
111 110 0.520702
112 111 0.770882
112 113 0.792568
113 114 0.468724
114 115 0.719320
115 116 0.663196
116 117 0.916222
117 106 0.491730
118 119 0.001138
119 120 0.040603
120 121 0.085023
121 122 0.303673
123 122 0.798094
124 123 0.527628
125 124 0.972757
102 125 0.892294
102 126 0.681413
126 103 0.522988
104 127 0.224044
127 128 0.242595
128 105 0.183046
129 130 0.875269
130 131 0.262993
131 105 0.482928
105 132 0.786521
132 106 0.679249
106 133 0.033653
133 134 0.099146
135 3 0.123913
136 135 0.557082
136 137 0.978272
137 138 0.470702
139 138 0.382070
140 139 0.717714
134 140 0.366857
141 142 0.682331
142 143 0.843047
144 143 0.588496
144 145 0.162374
145 146 0.460745
146 147 0.956417
148 149 0.149690
149 134 0.189611
139 147 0.372195
150 151 0.804328
151 148 0.753365
152 150 0.810297
153 154 0.057281
154 155 0.921041
155 156 0.253569
156 157 0.122126
158 157 0.718660
159 158 0.125654
160 159 0.428967
152 160 0.512444
159 161 0.235140
161 162 0.627373
163 164 0.760302
165 164 0.161399
164 166 0.111456
166 167 0.191921
167 168 0.760820
168 169 0.272725
169 170 0.526898
171 172 0.451946
173 171 0.128107
174 173 0.495548
168 174 0.740585
172 162 0.568830
175 55 0.991311
175 176 0.046956
176 177 0.212249
177 178 0.216907
178 162 0.084778
179 180 0.472879
180 181 0.746136
181 182 0.337512
182 183 0.213960
183 184 0.464949
184 185 0.997779
185 186 0.011225
186 187 0.247817
187 188 0.212330
188 189 0.125486
189 190 0.704962
190 191 0.523332
191 192 0.990906
192 193 0.444152
193 194 0.897791
195 196 0.959356
194 195 0.495121
196 197 0.972867
197 63 0.846695
55 198 0.732978
198 199 0.568844
199 175 0.932618
200 201 0.304102
202 203 0.776209
204 203 0.895844
205 204 0.511259
206 205 0.360405
175 206 0.810453
207 208 0.286327
208 200 0.553560
63 209 0.064397
209 210 0.631178
210 211 0.044046
211 212 0.957320
212 137 0.344211
137 213 0.997288
213 212 0.411637
214 213 0.906427
214 215 0.826750
215 104 0.171836
136 192 0.314909
216 65 0.045679
217 218 0.695748
218 219 0.716143
219 220 0.098481
221 220 0.647324
216 221 0.375970
65 222 0.436238
222 223 0.867947
223 224 0.880198
224 19 0.718708
225 226 0.740749
226 227 0.669274
227 228 0.191154
228 229 0.358730
229 230 0.985992
230 231 0.475279
231 232 0.587343
232 233 0.564794
233 234 0.908093
234 235 0.180029
235 236 0.529580
236 237 0.258998
237 10 0.653447
238 230 0.737422
238 239 0.874447
239 240 0.846731
240 241 0.592552
242 241 0.656735
243 242 0.663691
243 244 0.441635
244 245 0.368378
245 246 0.138152
246 247 0.872355
247 233 0.606514
236 248 0.504077
236 249 0.678518
248 250 0.405748
251 250 0.119483
251 252 0.355704
252 253 0.283406
253 254 0.761649
254 255 0.587760
255 256 0.332845
256 257 0.738698
257 258 0.845780
258 259 0.324485
259 260 0.380989
260 261 0.457966
261 262 0.613486
249 263 0.111703
50 263 0.112630
235 251 0.922574
33 264 0.560820
264 265 0.238012
265 266 0.043657
266 267 0.734716
267 268 0.905806
202 176 0.423482
176 201 0.586725
131 269 0.748863
269 270 0.302997
192 270 0.285914
192 271 0.297753
272 273 0.382578
271 272 0.100765
273 206 0.176891
206 274 0.231077
274 275 0.453272
275 276 0.738005
276 277 0.623929
277 278 0.676731
278 64 0.002802
64 279 0.417842
279 280 0.665378
281 235 0.961565
281 282 0.600498
282 283 0.125161
283 280 0.411102
279 284 0.840585
263 285 0.232721
285 286 0.804236
287 284 0.101164
287 286 0.739080
263 288 0.641280
288 289 0.461347
290 289 0.344938
290 265 0.706579
265 291 0.362589
292 291 0.032714
291 293 0.320185
294 291 0.377975
295 294 0.434216
296 295 0.974582
296 297 0.795710
125 298 0.754271
299 298 0.451203
300 299 0.906684
297 300 0.295563
125 301 0.171236
136 301 0.846625
302 303 0.680196
303 304 0.090434
304 305 0.751290
305 306 0.063637
306 307 0.752429
307 308 0.923435
308 309 0.704206
309 310 0.991052
310 311 0.960747
311 266 0.792371
266 312 0.544333
313 312 0.338916
314 315 0.161279
316 315 0.740777
316 317 0.958194
313 317 0.947966
314 248 0.970481
314 318 0.514108
318 235 0.262973
235 319 0.182004
319 320 0.435691
320 251 0.347360
251 321 0.381041
321 268 0.235732
268 322 0.210651
322 323 0.063855
323 324 0.672800
324 325 0.030433
325 326 0.355485
326 327 0.526307
327 328 0.812806
328 329 0.995821
330 331 0.811027
331 332 0.768459
333 334 0.556778
334 332 0.583030
268 333 0.125672
335 235 0.848023
9 34 0.069015
336 48 0.816654
9 336 0.041295
336 337 0.159769
337 338 0.656550
338 313 0.841264
338 312 0.087998
313 339 0.301355
339 340 0.299882
340 268 0.980272
276 341 0.561118
341 342 0.293178
342 343 0.021294
343 344 0.911748
344 68 0.865229
68 345 0.388248
345 346 0.956667
346 347 0.801171
347 348 0.152297
349 348 0.505820
349 255 0.261985
293 350 0.393408
350 351 0.698805
351 352 0.012412
352 353 0.675701
353 354 0.774137
354 355 0.487664
355 356 0.502577
356 357 0.542356
358 353 0.761293